QGC WPL 110
0	0	0	16	0.000000	0.000000	0.000000	0.000000	-35.363262	149.165238	584.030029	1
1	0	3	16	0.000000	0.000000	0.000000	0.000000	-35.363565	149.161809	1.000000	1
2	0	3	16	0.000000	0.000000	0.000000	0.000000	-35.363565	149.161809	1.000000	1
3	0	3	16	0.000000	0.000000	0.000000	0.000000	-35.359938	149.161809	1.000000	1
4	0	3	16	0.000000	0.000000	0.000000	0.000000	-35.359972	149.168431	1.000000	1
5	0	3	16	0.000000	0.000000	0.000000	0.000000	-35.360870	149.168376	1.000000	1
6	0	3	16	0.000000	0.000000	0.000000	0.000000	-35.360848	149.165155	1.000000	1
7	0	3	16	0.000000	0.000000	0.000000	0.000000	-35.361735	149.165155	1.000000	1
8	0	3	16	0.000000	0.000000	0.000000	0.000000	-35.361791	149.167358	1.000000	1
9	0	3	16	0.000000	0.000000	0.000000	0.000000	-35.362644	149.167316	1.000000	1
10	0	3	16	0.000000	0.000000	0.000000	0.000000	-35.362667	149.168459	1.000000	1
11	0	3	16	0.000000	0.000000	0.000000	0.000000	-35.363543	149.168432	1.000000	1
12	0	3	16	0.000000	0.000000	0.000000	0.000000	-35.363554	149.166229	1.000000	1
13	0	3	16	0.000000	0.000000	0.000000	0.000000	-35.362633	149.166174	1.000000	1
14	0	3	16	0.000000	0.000000	0.000000	0.000000	-35.362611	149.164053	1.000000	1
15	0	3	16	0.000000	0.000000	0.000000	0.000000	-35.365306	149.164026	1.000000	1
16	0	3	16	0.000000	0.000000	0.000000	0.000000	-35.365384	149.162883	1.000000	1
17	0	3	16	0.000000	0.000000	0.000000	0.000000	-35.364441	149.162938	1.000000	1
18	0	3	16	0.000000	0.000000	0.000000	0.000000	-35.364452	149.166243	1.000000	1
19	0	3	16	0.000000	0.000000	0.000000	0.000000	-35.363565	149.166201	1.000000	1
20	0	3	16	0.000000	0.000000	0.000000	0.000000	-35.363565	149.162965	1.000000	1
21	0	3	16	0.000000	0.000000	0.000000	0.000000	-35.363565	149.162938	1.000000	1
22	0	3	16	0.000000	0.000000	0.000000	0.000000	-35.361769	149.162952	1.000000	1
23	0	3	16	0.000000	0.000000	0.000000	0.000000	-35.360848	149.162883	1.000000	1
24	0	3	16	0.000000	0.000000	0.000000	0.000000	-35.360803	149.164163	1.000000	1
25	0	3	16	0.000000	0.000000	0.000000	0.000000	-35.361735	149.164053	1.000000	1
26	0	3	16	0.000000	0.000000	0.000000	0.000000	-35.361802	149.160638	1.000000	1
27	0	3	16	0.000000	0.000000	0.000000	0.000000	-35.363588	149.160693	1.000000	1
28	0	3	16	0.000000	0.000000	0.000000	0.000000	-35.364430	149.160707	1.000000	1
29	0	3	16	0.000000	0.000000	0.000000	0.000000	-35.364452	149.161823	1.000000	1
